numberOfInputs 2
numberOfOutputs 2
numberOfInterNeurons 6
networkDimension 10
networkActivations
-0.497083 -0.768319 0.000005 -0.002097 -0.002101 0.000243 0.000000 0.000000 0.000182 0.000000 
networkOutputs
0.000000 0.000000 0.000005 0.000000 0.000000 0.000243 0.000000 0.000000 0.000182 0.000000 
neuronThreshold
0.000000 0.000000 0.000000 0.000000 0.000000 0.000000 0.000000 0.000000 0.000000 0.000000 
neuronLearningRate
0.000000 0.000000 0.250000 0.250000 0.250000 0.000000 0.000000 0.000000 0.000000 0.000000 
neuronRefactoryState
0.000000 0.000000 0.000000 0.000000 0.000000 0.000000 0.000000 0.000000 0.000000 0.000000 
neuronWeightTotal
1.000000 1.000000 1.000000 1.000000 1.000000 1.000000 1.000000 1.000000 1.000000 1.000000 
networkweights
0.100000 0.000000 1.000000 0.565047 0.000000 0.000000 0.000000 0.000000 0.000000 0.000000 
0.000000 0.100000 0.000000 0.434953 1.000000 0.000000 0.000000 0.000000 0.000000 0.000000 
0.000000 0.000000 0.100000 0.000000 0.000000 1.000000 0.000000 0.000000 0.750000 0.000000 
0.000000 0.000000 0.000000 0.100000 0.000000 0.000000 1.000000 0.000000 0.250000 0.250000 
0.000000 0.000000 0.000000 0.000000 0.100000 0.000000 0.000000 1.000000 0.000000 0.750000 
0.000000 0.000000 0.000000 -0.500000 -0.500000 0.100000 0.000000 0.000000 0.000000 0.000000 
0.000000 0.000000 -0.500000 0.000000 -0.500000 0.000000 0.100000 0.000000 0.000000 0.000000 
0.000000 0.000000 -0.500000 -0.500000 0.000000 0.000000 0.000000 0.100000 0.000000 0.000000 
0.000000 0.000000 0.000000 0.000000 0.000000 0.000000 0.000000 0.000000 0.100000 0.000000 
0.000000 0.000000 0.000000 0.000000 0.000000 0.000000 0.000000 0.000000 0.000000 0.100000 

networkinputs
-0.457536 -0.699875 
networkoutputs
0.000182 0.000000 
networkplasticweightsmask
0 0 1 1 1 0 0 0 0 0 
0 0 1 1 1 0 0 0 0 0 
0 0 0 0 0 0 0 0 0 0 
0 0 0 0 0 0 0 0 0 0 
0 0 0 0 0 0 0 0 0 0 
0 0 0 0 0 0 0 0 0 0 
0 0 0 0 0 0 0 0 0 0 
0 0 0 0 0 0 0 0 0 0 
0 0 0 0 0 0 0 0 0 0 
0 0 0 0 0 0 0 0 0 0 

